region,startup_no,markets_no,city_no,avg_funding_rounds,min_yr_found,sum_funding,avg_funding,acquired_cnt,oprtng_cnt,clsd_cnt
Jamtlands Lan,2,2,0,1.0,2011,30000,15000.0,0,2,0
Rome,41,27,3,1.3902439024390243,1946,471577483,11501889.829268293,2,38,1
Richmond,61,32,8,1.4098360655737705,1948,450973388,7393006.360655738,0,55,3
Salzburg,1,1,1,4.0,2010,386881,386881.0,0,1,0
Pavia,1,1,1,1.0,2013,80000,80000.0,0,1,0
Lyon,25,14,2,1.36,1999,274025906,10961036.24,0,24,0
GIB - Other,2,2,1,2.5,2009,19944912,9972456.0,0,2,0
Foshan,1,1,1,1.0,2008,40000000,40000000,0,1,0
"Columbia, South Carolina",12,9,3,1.0833333333333333,2002,6780900,565075.0,0,12,0
Shenyang,3,3,1,1.0,2003,67200000,22400000,0,2,0
Tucson,47,23,1,1.851063829787234,1982,396489537,8435947.59574468,1,44,1
Henley On Thames,2,1,1,1.0,2012,206105,103052.5,0,2,0
AZE - Other,1,1,1,2.0,2013,162000,162000.0,0,1,0
Mumbai,164,71,1,1.4451219512195121,1980,3667007651,22359802.75,6,147,6
EGY - Other,5,4,3,1.0,1983,176145000,35229000,0,5,0
Toronto,528,155,21,1.5757575757575757,1930,5428093056,10280479.272727273,39,441,23
IA - Other,11,9,9,1.4545454545454546,1992,74967331,6815211.909090909,0,11,0
Melbourne,77,42,9,1.4285714285714286,1987,239506870,3110478.8311688313,1,67,5
Beirut,10,9,1,1.4,2011,3653000,365300.0,1,9,0
Farrington Gurney,1,1,1,1.0,2007,200000,200000.0,0,0,1
Tallahassee,9,7,1,1.1111111111111112,1993,4558000,506444.44444444444,1,8,0
Teddington,1,1,1,1.0,,340338,340338.0,0,1,0
Antwerp,11,9,2,1.6363636363636365,2003,24391288,2217389.8181818184,1,9,1
Green Bay,14,9,7,1.3571428571428572,1976,19338596,1381328.2857142857,1,10,3
AK - Other,4,4,3,1.25,2005,8850000,2212500.0,0,4,0
Fuzhou Shi,6,5,1,1.3333333333333333,1999,71500000,11916666.666666666,2,4,0
CIV - Other,1,1,1,1.0,,60000,60000.0,0,1,0
Adelaide,3,3,1,2.0,1998,10460000,3486666.6666666665,0,3,0
NOR - Other,16,9,15,1.5625,2004,43881577,2742598.5625,1,12,2
Harbin,1,1,1,2.0,,4999994,4999994.0,0,1,0
Lausanne,26,15,1,1.7692307692307692,1999,586618798,22562261.46153846,0,24,1
Neuilly-sur-seine,6,6,1,1.6666666666666667,2001,19497133,3249522.1666666665,1,5,0
BHS - Other,1,1,1,1.0,2011,8900000,8900000.0,0,1,0
Annecy,1,1,1,1.0,2011,260000,260000.0,0,1,0
Bolton Upon Dearne,4,4,1,1.0,1987,9459248,2364812.0,0,4,0
Bonn,6,4,1,1.1666666666666667,2011,24035090,4005848.3333333335,1,5,0
Omsk,1,1,1,1.0,2012,0,0.0,0,1,0
Cayman Islands,9,7,2,1.3333333333333333,2007,130007857,14445317.444444444,0,9,0
Kansas City,90,45,10,1.5666666666666667,1922,759370670,8437451.888888888,3,81,5
Cheshire,17,12,0,1.1176470588235294,1988,185819887,10930581.588235294,2,13,2
MDA - Other,1,1,1,2.0,2010,79232,79232.0,0,1,0
Stockport,3,3,1,1.3333333333333333,1990,29476475,9825491.666666666,0,3,0
Nottingham,15,10,1,1.2,1984,59543211,3969547.4,3,11,1
Copenhagen,114,53,1,1.4473684210526316,1999,443579865,3891051.447368421,8,99,7
Waterloo,1,1,1,2.0,2014,2714506,2714506.0,0,1,0
Daejeon,5,5,1,1.0,2000,6406324,1281264.8,0,5,0
"Rochester, Minnesota",6,4,1,1.5,1919,26893200,4482200.0,0,6,0
DNK - Other,55,26,35,1.2181818181818183,1926,158246912,2877216.581818182,3,49,3
KY - Other,27,17,16,1.1851851851851851,1906,125859561,4661465.222222222,0,25,2
Karlskrona,1,1,1,1.0,2008,0,0.0,0,0,1
"Mendoza, ARG",3,3,1,2.3333333333333335,2008,25660000,8553333.333333334,2,1,0
Fleet,1,1,1,1.0,2012,0,0.0,0,1,0
Lucca,2,2,1,1.0,2009,661200,330600.0,0,2,0
Glattbrugg,1,1,1,1.0,2011,385000,385000.0,0,1,0
Munster,1,1,1,1.0,2004,81672000,81672000,0,0,1
"Columbus, Ohio",124,57,13,1.653225806451613,1970,1923928077,15515549.008064516,4,114,6
Edinburgh,60,29,1,1.5333333333333334,1986,302358602,5039310.033333333,2,54,3
Recife,4,4,1,1.0,2009,225800,56450.0,0,3,1
WV - Other,12,9,8,1.5833333333333333,1997,63410253,5284187.75,0,11,1
Los Cabos,1,1,1,1.0,2012,15000,15000.0,0,1,0
Amman,18,13,1,1.3888888888888888,1999,25433364,1412964.6666666667,0,16,2
Bristol,29,18,1,1.6551724137931034,1996,469779099,16199279.27586207,2,25,2
Worcestershire,2,2,0,1.5,2005,4909461,2454730.5,0,2,0
Venice,14,11,5,1.2857142857142858,2005,10059246,718517.5714285715,1,13,0
Duluth,6,6,2,1.3333333333333333,2001,11750999,1958499.8333333333,0,5,1
Kochi,4,4,1,1.0,2008,24046000,6011500.0,0,4,0
Dnepropetrovsk,2,2,2,1.0,2008,200000,100000.0,0,2,0
Chlef,19,11,0,1.105263157894737,2010,838016,44106.10526315789,0,18,0
Calgary,69,35,1,1.2753623188405796,1969,1508874571,21867747.4057971,1,58,4
Luxemburg,6,5,1,1.1666666666666667,2002,467336690,77889448.33333333,0,5,0
Wellington,20,13,2,1.85,2006,298563171,14928158.55,1,13,5
Houston,252,74,22,1.7142857142857142,1912,5970150647,23691073.996031746,13,222,13
JOR - Other,2,2,1,1.0,2012,690000,345000.0,0,2,0
Ghaziabad,2,2,1,1.0,2010,120000,60000.0,0,1,1
Umea,3,3,1,1.6666666666666667,2001,2687932,895977.3333333334,0,3,0
Jodhpur,1,0,1,1.0,2014,500000,500000.0,0,1,0
Stockton-on-tees,2,2,1,1.5,2009,66653492,33326746,0,1,1
ON - Other,16,13,15,1.125,1996,42235421,2639713.8125,0,16,0
Fornebu,2,1,1,1.5,2002,5330000,2665000.0,0,2,0
Hellerup,1,0,1,2.0,2010,0,0.0,0,1,0
Dhaka,7,7,1,2.2857142857142856,2008,48098974,6871282.0,0,7,0
La Rochelle,1,1,1,3.0,2009,2165094,2165094.0,0,1,0
Abu Dhabi,2,2,1,1.5,2003,31250000,15625000,0,2,0
Wiltshire,2,2,0,1.0,2002,2670213,1335106.5,0,2,0
Chisinau,1,1,1,1.0,2009,14168,14168.0,0,1,0
Pittsburgh,244,67,22,2.19672131147541,1928,1780581153,7297463.741803279,14,207,14
Itá,10,7,1,1.2,2003,77134077,7713407.7,0,10,0
TX - Other,34,24,26,1.2647058823529411,1979,193985745,5705463.088235294,1,33,0
Szczecin,2,2,1,1.0,2009,256579,128289.5,0,2,0
Denver,636,130,21,2.0047169811320753,1967,7704183867,12113496.646226415,59,528,37
Meridian,1,1,1,1.0,2013,0,0.0,0,1,0
New Bedford,17,12,7,2.0,1972,158619483,9330557.823529411,2,12,3
RUS - Other,58,21,16,1.4310344827586208,2004,97211859,1676066.5344827587,0,17,0
Graz,2,2,1,1.5,2005,10043665,5021832.5,1,1,0
Uttar Pradesh,1,1,0,1.0,2014,20000,20000.0,0,1,0
Paris,493,125,19,1.432048681541582,1968,2734791670,5547244.76673428,37,413,30
Daegu,2,1,1,1.0,2013,183696,91848.0,0,2,0
Madhapur,1,1,1,1.0,2007,250000,250000.0,0,1,0
,5270,465,0,1.2436942916745686,1902,24716000378,4687274.867817182,220,4439,408
NY - Other,74,29,50,1.3108108108108107,1937,194529197,2628772.9324324327,4,66,3
Bismarck,2,2,2,1.0,2003,2500800,1250400.0,0,2,0
Gwynedd,1,1,0,1.0,,80606,80606.0,0,1,0
Cordoba,1,1,1,1.0,2011,51701,51701.0,0,1,0
Cagliari,4,4,1,2.0,2008,9722154,2430538.5,0,4,0
Cebu,2,2,1,1.5,2011,419500,209750.0,0,2,0
Leon,1,1,1,2.0,,0,0.0,0,1,0
Stalybridge,1,1,1,1.0,2007,757625,757625.0,0,1,0
Zhejiang,2,2,0,1.0,,49030000,24515000,1,0,1
Ottawa,89,40,2,1.6629213483146068,1984,901574161,10130046.752808988,14,70,5
IND - Other,25,18,23,1.24,1938,441069932,17642797.28,0,25,0
Greensboro,17,12,6,1.2352941176470589,1928,87060386,5121199.176470588,0,16,0
Medellin,3,3,1,1.0,2006,390000,130000.0,0,3,0
Cáceres,1,1,1,1.0,,885000,885000.0,0,0,1
Plymouth,1,1,1,1.0,,50000000,50000000,0,1,0
Taastrup,2,1,1,1.5,2003,27000000,13500000,0,2,0
Veneto,1,1,0,2.0,,90077,90077.0,0,1,0
Lyngby,3,2,1,2.6666666666666665,2000,397315400,132438466.66666667,0,3,0
St. Petersburg,30,20,1,1.3,1997,43956208,1465206.9333333333,0,18,0
Fort Saskatchewan,1,1,1,1.0,,200000,200000.0,0,1,0
Dover,9,9,4,1.2222222222222223,1995,2189033,243225.88888888888,0,7,1
Nizhniy Novgorod,2,1,1,1.5,2011,2079000,1039500.0,0,1,0
Jakarta Pusat,1,1,1,2.0,2013,1300000,1300000.0,0,1,0
Valladolid,2,2,1,1.0,2005,4543100,2271550.0,0,2,0
Kassel,1,1,1,1.0,,2954475,2954475.0,0,1,0
Warwickshire,1,1,0,1.0,,4792797,4792797.0,0,1,0
Reyjavik,14,13,1,1.1428571428571428,1997,44925776,3208984.0,0,12,2
Braunschweig,3,3,1,1.3333333333333333,2005,3164760,1054920.0,0,3,0
Herisau,4,3,1,1.0,2006,250000,62500.0,0,4,0
Guadalajara,1,1,1,1.0,2009,20000,20000.0,0,0,1
SD - Other,8,5,6,1.125,1989,9747304,1218413.0,0,7,1
Fayetteville,98,34,3,1.183673469387755,1962,156538688,1597333.551020408,0,97,0
Odessa,4,4,1,1.25,2011,670000,167500.0,0,4,0
QC - Other,7,7,6,1.1428571428571428,1992,28933000,4133285.714285714,0,7,0
Modena,4,4,1,1.0,2001,1461505,365376.25,0,4,0
Abuja,4,4,1,1.75,1997,12000000,3000000.0,0,4,0
Helsinki,141,65,2,1.49645390070922,1991,924533160,6556972.765957447,8,125,5
Pamplona,1,1,1,2.0,2006,18034000,18034000,0,1,0
Le Plessis-robinson,2,2,1,1.0,1994,14620000,7310000.0,0,2,0
Boston Spa,2,2,1,2.5,2012,1729000,864500.0,0,2,0
UKR - Other,2,2,1,1.5,2013,10000,5000.0,0,2,0
Knoxville,34,12,2,1.911764705882353,1994,144000539,4235309.970588235,0,34,0
"Charleston, West Virginia",3,3,2,1.3333333333333333,2004,3825572,1275190.6666666667,0,3,0
Shropshire,1,1,0,1.0,,410423,410423.0,0,1,0
Tampa,172,63,26,1.4883720930232558,1969,947620676,5509422.534883721,11,147,6
Thunder Bay,6,4,1,1.1666666666666667,2001,5938816,989802.6666666666,0,6,0
Akron - Canton,41,23,16,1.6341463414634145,1973,105701128,2578076.2926829266,1,40,0
Pontypridd,2,2,1,1.0,2011,509438,254719.0,0,2,0
CO - Other,23,16,16,1.2173913043478262,1995,936067248,40698576,0,21,2
Secunderabad,3,2,1,1.0,2003,59800000,19933333.333333332,0,3,0
Mysore,2,2,1,1.0,1999,23370000,11685000,0,2,0
Starnberg,4,4,1,1.75,2005,14732769,3683192.25,0,3,1
Passau,2,2,1,2.5,2008,2460000,1230000.0,0,2,0
Pune,28,22,1,1.1071428571428572,2007,202235067,7222680.964285715,1,27,0
Harrow On The Hill,1,1,1,1.0,2012,0,0.0,0,0,1
Camborne,2,2,1,4.0,2000,97433329,48716664.5,0,2,0
Jounie,1,1,1,2.0,2011,2750000,2750000.0,0,1,0
CT - Other,21,13,14,1.6666666666666667,1986,113929200,5425200.0,0,17,2
NJ - Other,66,35,34,1.5,1966,437796170,6633275.303030303,6,57,2
Lulea,2,2,1,1.5,2007,2026620,1013310.0,0,2,0
"Portland, Maine",28,19,7,1.9642857142857142,1996,206426555,7372376.964285715,0,24,2
Trento,4,4,1,3.0,2010,4238041,1059510.25,0,4,0
Marlborough,1,1,1,1.0,2007,100000,100000.0,0,0,1
NE - Other,7,7,6,1.7142857142857142,2002,18985000,2712142.8571428573,0,6,0
New Delhi,184,79,3,1.4945652173913044,1969,4137481594,22486313.010869566,2,173,5
Bidart,4,4,1,1.0,2000,3289050,822262.5,0,4,0
Guwahati,1,0,1,1.0,2012,19889,19889.0,0,1,0
Springfield,4,3,2,1.25,1987,6775000,1693750.0,0,4,0
Thessaloníki,1,1,1,1.0,2004,553238,553238.0,0,1,0
Fribourg,3,3,1,1.0,1999,4738685,1579561.6666666667,0,3,0
Bellshill,4,3,1,2.0,2001,34874945,8718736.25,0,2,2
Kingston Upon Thames,1,1,1,1.0,2004,0,0.0,0,1,0
BC - Other,18,14,12,1.5555555555555556,1985,29833674,1657426.3333333333,0,18,0
Riga,12,11,1,1.4166666666666667,1999,12717402,1059783.5,1,9,1
Milan,85,43,2,1.3764705882352941,1908,242629177,2854460.905882353,2,78,4
Haywards Heath,1,1,1,1.0,,38764,38764.0,0,1,0
Firenze,5,5,1,2.0,1990,64398794,12879758.8,1,4,0
Bertrange,2,2,1,1.0,1996,8900000,4450000.0,0,2,0
Pozuelo De Alarcon,3,2,1,1.3333333333333333,2000,12387456,4129152.0,0,2,1
Waterford,2,2,1,2.0,2013,211781,105890.5,0,2,0
Homburg,1,1,1,10.0,1996,91430342,91430342,0,1,0
JEY - Other,1,0,0,1.0,2014,0,0.0,0,1,0
Taiwan,37,22,3,1.4054054054054055,1976,816389371,22064577.594594594,0,37,0
Nagpur,3,3,1,1.6666666666666667,2010,155000,51666.666666666664,0,3,0
BWA - Other,1,1,1,1.0,2013,1000,1000.0,0,1,0
Iasi,2,2,1,1.0,2008,4570000,2285000.0,0,2,0
Milwaukee,56,33,19,1.7678571428571428,1959,2431193437,43414168.51785714,1,48,4
WI - Other,27,14,19,1.6296296296296295,1912,115768064,4287706.074074074,1,26,0
Daresbury,9,8,1,1.2222222222222223,2005,15350591,1705621.2222222222,0,9,0
Harrisburg,30,22,13,1.5,1980,163873242,5462441.4,1,26,2
Gilching,1,1,1,1.0,2013,200000,200000.0,0,1,0
A Coruna,4,4,1,1.0,2012,4947720,1236930.0,0,4,0
HI - Other,2,2,2,1.5,1998,910000,455000.0,0,2,0
Windsor,2,2,1,1.0,2006,35000,17500.0,0,2,0
SRB - Other,2,2,1,1.0,2012,411201,205600.5,0,2,0
Antwerpen,2,2,0,1.5,2013,65694,32847.0,0,2,0
Aachen,7,5,1,2.142857142857143,2000,45141916,6448845.142857143,0,7,0
Caerphilly,2,2,1,1.5,2003,508158,254079.0,0,2,0
LTU - Other,2,1,1,1.0,2013,70410,35205.0,0,2,0
Granada,3,3,1,2.0,2002,11572200,3857400.0,0,3,0
PA - Other,39,16,33,1.3333333333333333,1987,140735762,3608609.282051282,4,35,0
El Paso,3,3,1,1.0,2007,35000000,11666666.666666666,0,3,0
Baku,2,1,1,1.0,2011,210000,105000.0,0,2,0
Coleraine,3,2,1,1.6666666666666667,1968,481947987,160649329,0,2,1
TTO - Other,1,1,1,1.0,2013,150000,150000.0,0,1,0
Osnabruck,1,1,1,1.0,2009,643300,643300.0,0,1,0
Luzern,2,2,1,1.0,2011,600000,300000.0,0,2,0
Aberdeen,9,6,1,1.1111111111111112,1972,121647024,13516336,0,7,1
Monroe,2,2,2,1.0,1930,9699399,4849699.5,0,2,0
TZA - Other,6,5,5,1.1666666666666667,2009,10014000,1669000.0,0,5,0
Alexandria,28,22,2,1.75,1993,339880174,12138577.642857144,1,26,1
Vejle,3,3,1,1.0,2009,10970000,3656666.6666666665,0,3,0
Daytona Beach,7,6,3,1.1428571428571428,2003,95352500,13621785.714285715,1,6,0
Kampala,9,9,1,1.2222222222222223,2008,3964000,440444.44444444444,0,8,1
GRC - Other,5,5,4,1.4,2009,6605833,1321166.6,0,5,0
Cantabria,1,1,0,1.0,,0,0.0,0,1,0
Wetzlar,1,1,1,1.0,2012,27181,27181.0,0,1,0
SAU - Other,2,0,2,1.0,2012,500000,250000.0,0,2,0
Porto Alegre,11,5,1,1.0909090909090908,1967,26580124,2416374.909090909,0,5,1
Baltimore,225,66,35,1.8222222222222222,1906,3132871047,13923871.32,21,195,5
Quito,1,1,1,1.0,2012,40000,40000.0,0,1,0
Bilbao,10,9,1,1.7,1990,22450853,2245085.3,0,8,2
Livingston,9,8,1,1.5555555555555556,1998,94887545,10543060.555555556,0,9,0
CRI - Other,3,3,3,1.0,2008,0,0.0,0,3,0
Louisville,55,20,6,1.490909090909091,1993,243105868,4420106.69090909,2,50,3
Terrassa,1,1,1,1.0,,1890000,1890000.0,0,1,0
Tralee,3,2,1,1.3333333333333333,2003,1097147,365715.6666666667,0,3,0
York,4,4,1,1.25,2006,31871594,7967898.5,0,4,0
Buffalo,35,21,1,1.5142857142857142,1949,361169665,10319133.285714285,3,32,0
Boston,1837,234,93,2.2623843222645617,1922,36585739167,19916025.67610234,241,1484,82
Albuquerque,69,31,9,1.855072463768116,1984,396466699,5745894.188405797,1,64,2
Sioux Falls,6,6,1,1.5,1993,39424400,6570733.333333333,0,6,0
Palermo,2,2,1,1.0,2013,1893085,946542.5,0,1,1
KEN - Other,4,4,3,1.0,1975,13040000,3260000.0,0,3,0
Branson,6,4,4,1.3333333333333333,2000,9161600,1526933.3333333333,1,5,0
North Yorkshire,3,2,0,1.0,,12425775,4141925.0,0,2,1
Linz,3,3,1,1.3333333333333333,2010,439989,146663.0,0,2,1
Bolzano,2,2,1,1.5,2007,3745305,1872652.5,0,1,0
Leeds,14,10,2,1.0714285714285714,2003,19536844,1395488.857142857,0,11,3
Bordeaux,7,6,1,2.0,2002,33885992,4840856.0,0,7,0
Hove,2,2,1,2.0,2008,1274411,637205.5,0,1,1
Rostock,2,1,1,1.5,1998,216635975,108317987.5,0,2,0
Bath,16,12,1,2.0,2000,149938704,9371169.0,2,12,2
Colorado Springs,31,17,1,1.5161290322580645,1981,121627225,3923458.870967742,1,29,1
Thane,2,2,1,1.0,2009,500000,250000.0,0,1,1
ZAF - Other,1,1,1,1.0,2014,0,0.0,0,1,0
Vellore,3,3,1,1.3333333333333333,2007,334020,111340.0,0,2,1
Essen,4,4,1,1.75,2005,14082100,3520525.0,0,4,0
"Orange County, California",92,38,14,1.7173913043478262,1969,893159141,9708251.532608695,8,74,5
Orsay,5,5,1,1.2,2000,41801854,8360370.8,0,4,0
St. Cloud,4,4,4,2.0,2000,60870000,15217500,0,3,1
MOZ - Other,1,0,1,1.0,,0,0.0,0,1,0
Finchley,1,1,1,1.0,2013,83699,83699.0,0,1,0
Stafford,1,1,1,1.0,2006,394842,394842.0,0,1,0
Reinach,1,1,1,2.0,2004,43500000,43500000,0,1,0
Seattle,932,207,37,2.0010729613733904,1966,16729335566,17949930.864806868,119,736,51
Chongqing,6,5,1,1.0,1996,10200956,1700159.3333333333,0,6,0
Gatineau,4,3,1,1.5,2000,9290288,2322572.0,1,3,0
Belfast,21,14,1,1.2380952380952381,1999,63009279,3000441.8571428573,2,17,1
Innsbruck,4,3,1,1.25,1998,14983300,3745825.0,0,4,0
Wirral,1,0,0,1.0,2002,750000,750000.0,0,1,0
Coimbatore,2,1,1,1.0,,500000,250000.0,0,2,0
Atlanta,511,128,32,1.7769080234833659,1971,9558811129,18706088.315068495,37,443,21
Staffordshire,3,3,0,1.6666666666666667,1979,18233686,6077895.333333333,0,3,0
Penang,3,3,1,1.0,2011,190000,63333.333333333336,0,3,0
Ismaning,2,2,1,1.0,2005,8400000,4200000.0,0,2,0
Cluj-Napoca,4,4,3,1.5,2011,854449,213612.25,0,4,0
San Diego,699,125,19,2.0,1924,13818113367,19740161.952857144,66,577,36
Ludhiana,1,1,1,1.0,1973,5000000,5000000.0,0,1,0
Brossard,2,2,1,2.0,1995,48993203,24496601.5,0,2,0
Las Vegas,156,62,3,1.4166666666666667,1989,365549862,2343268.346153846,7,145,4
WA - Other,30,18,23,1.3333333333333333,1988,48692203,1623073.4333333333,1,29,0
Fife,2,2,0,1.5,2006,6727728,3363864.0,0,2,0
Leipzig,8,6,1,1.25,2003,9881880,1235235.0,0,8,0
Johannesburg,14,12,7,1.2142857142857142,2000,85280000,6091428.571428572,0,13,1
Aix-en-provence,6,5,1,1.8333333333333333,1995,207576295,34596049.166666664,0,5,0
Montpellier,12,6,1,1.4166666666666667,1998,43817112,3651426.0,1,11,0
Tupelo,8,7,5,1.25,1991,4550000,568750.0,0,8,0
Wichita,8,7,4,1.125,1985,11477499,1434687.375,0,8,0
Harlingen,2,2,2,2.0,2009,17941122,8970561.0,0,2,0
Tashkent,1,1,1,1.0,2006,90000,90000.0,0,1,0
Oulu,14,10,1,1.2857142857142858,2000,34269000,2447785.714285714,2,12,0
Bushey,1,0,1,1.0,,16880,16880.0,0,1,0
IDN - Other,5,4,2,1.2,2012,16460000,3292000.0,0,5,0
Villeurbanne,2,2,1,1.0,2007,1330488,665244.0,0,2,0
Tianjin,7,6,1,1.2857142857142858,2003,55857000,7979571.428571428,0,4,3
AZ - Other,4,3,3,1.25,1999,26305000,6576250.0,0,4,0
Wokingham,1,1,1,1.0,1987,0,0.0,0,1,0
Leverkusen,1,1,1,1.0,,0,0.0,1,0,0
Aldershot,2,2,1,1.5,2009,144439,72219.5,0,1,1
Barcelona,202,95,1,1.495049504950495,1984,2021355559,10006710.688118812,8,175,9
"Columbus, Georgia",2,2,1,1.5,1985,15175345,7587672.5,0,2,0
Norfolk - Virginia Beach,28,17,6,1.2142857142857142,2001,42005000,1500178.5714285714,0,28,0
Phnom Penh,8,1,1,1.0,1960,450000,56250.0,0,8,0
Dornbirn,2,2,1,1.0,2012,1521189,760594.5,0,2,0
CZE - Other,10,10,3,1.5,2008,37342627,3734262.7,0,9,0
Hamburg,72,42,2,1.625,1985,795328904,11046234.777777778,7,60,5
MI - Other,12,9,12,1.4166666666666667,2001,36969060,3080755.0,0,12,0
Memphis,78,31,5,1.7179487179487178,1911,251157300,3219965.3846153845,1,73,4
Regensburg,7,6,1,2.5714285714285716,1998,106559619,15222802.714285715,1,5,0
OR - Other,2,2,2,1.0,1992,0,0.0,0,2,0
Frensham,2,2,1,2.0,2009,3343392,1671696.0,0,2,0
CHN - Other,218,62,48,1.444954128440367,1985,9813822021,45017532.206422016,4,209,2
Brisbane,24,20,5,1.5416666666666667,2000,68489336,2853722.3333333335,2,21,1
Landshut,2,2,1,1.0,,2580000,1290000.0,0,2,0
Peterborough,4,3,1,1.0,2007,70043930,17510982.5,0,4,0
Wuhan,4,3,1,2.0,1997,70284408,17571102,0,3,1
Halmstad,1,1,1,2.0,2013,74000,74000.0,0,1,0
Tewkesbury,2,2,1,1.0,2001,17419600,8709800.0,0,2,0
Boulogne,4,2,1,1.5,1998,40831382,10207845.5,0,4,0
Bedfordshire,2,2,0,1.0,,1038751,519375.5,0,2,0
Çan,33,20,1,1.5454545454545454,1994,331448075,10043881.06060606,2,29,1
TWN - Other,9,8,0,1.4444444444444444,1998,48791017,5421224.111111111,0,8,1
Wolverhampton,2,1,1,1.0,,7503717,3751858.5,1,1,0
Carlisle,1,1,1,1.0,,805833,805833.0,0,1,0
Dayton,14,13,8,1.2857142857142858,1928,66912000,4779428.571428572,0,14,0
Utrecht,22,16,7,1.1363636363636365,1983,108217290,4918967.7272727275,0,17,1
Mobile,2,2,1,1.5,1981,8646823,4323411.5,0,2,0
Idaho Falls,5,5,3,2.0,1995,16829900,3365980.0,0,3,1
Cork,20,14,1,1.45,1996,137790485,6889524.25,2,18,0
Unterhaching,1,1,1,1.0,,0,0.0,0,1,0
MYS - Other,6,6,5,1.8333333333333333,1994,21795245,3632540.8333333335,0,4,2
VNM - Other,1,0,0,1.0,1933,90000000,90000000,0,1,0
"Wilmington - Cape Fear, North Carolina",12,10,2,1.3333333333333333,1979,71273789,5939482.416666667,0,11,1
Jeddah,2,2,1,1.0,2012,230000,115000.0,0,2,0
Galway,12,7,1,1.25,1997,60860392,5071699.333333333,0,8,3
Eugene,27,15,5,1.6666666666666667,1990,185421843,6867475.666666667,2,24,1
Orpington,1,1,1,4.0,,7991080,7991080.0,0,1,0
Zurich,74,43,3,1.4594594594594594,1988,606333655,8193698.040540541,2,68,2
Santa Barbara,116,54,9,1.9482758620689655,1981,1655462960,14271232.413793104,8,97,9
Lisbon,22,17,3,1.3636363636363635,1996,12571495,571431.5909090909,1,21,0
PER - Other,6,3,2,1.1666666666666667,2009,20270000,3378333.3333333335,0,2,1
SK - Other,2,2,2,1.0,2010,81000000,40500000,0,2,0
Brasilia,4,4,1,1.5,2009,1394843,348710.75,0,3,0
Gloucestershire,3,2,0,1.0,2005,889525,296508.3333333333,0,3,0
"Greenville, North Carolina",5,5,2,1.4,2011,9645352,1929070.4,0,5,0
Congleton,1,0,1,1.0,,2500000,2500000.0,0,1,0
Alcoy,1,1,1,1.0,2003,270100,270100.0,0,1,0
Sutton Coldfield,1,1,1,1.0,,156165,156165.0,0,1,0
State College,6,6,1,1.0,1997,14250000,2375000.0,0,6,0
Stavanger,1,0,1,1.0,,0,0.0,0,1,0
Lancashire,4,4,0,1.0,2008,6706620,1676655.0,1,3,0
Esch-sur-alzette,6,6,1,2.3333333333333335,2003,80068404,13344734,1,4,1
Aust-Agder,15,12,0,1.4666666666666666,1999,70947465,4729831.0,0,14,1
Seville,9,8,1,1.2222222222222223,2002,10575883,1175098.111111111,2,7,0
Phuket,1,0,1,1.0,2002,0,0.0,0,1,0
Dubai,64,42,1,1.21875,1987,617685250,9651332.03125,4,57,3
JPN - Other,46,24,14,1.2391304347826086,2000,377835349,8213811.934782608,1,43,1
Sherwood Park,2,2,1,1.0,2005,76900,38450.0,0,2,0
TN - Other,14,7,8,2.2142857142857144,2002,84982560,6070182.857142857,0,14,0
DZA - Other,1,1,1,1.0,2009,378812,378812.0,0,1,0
Prince George,1,1,1,1.0,2010,95238,95238.0,0,1,0
Cheyenne,7,6,1,1.0,1995,286000,40857.142857142855,0,7,0
Spokane,12,9,1,1.9166666666666667,1995,78757037,6563086.416666667,0,11,1
Solihull,2,1,1,1.5,2003,1166969,583484.5,0,2,0
Bozeman,13,6,1,1.9230769230769231,1982,60772739,4674826.076923077,2,11,0
Bologna,10,7,1,1.2,1996,12989473,1298947.3,1,9,0
MO - Other,29,20,17,1.4827586206896552,1922,490135193,16901213.55172414,0,28,0
Moline - Davenport,3,2,3,1.3333333333333333,2005,425000,141666.66666666666,0,3,0
Costa Rica,3,2,1,1.0,2009,537000,179000.0,0,2,1
Amsterdam,157,74,11,1.5668789808917198,1986,790579907,5035540.808917197,6,137,7
Klagenfurt,1,1,1,1.0,2012,0,0.0,0,1,0
UT - Other,17,12,10,1.411764705882353,2001,176256471,10368027.705882354,0,16,1
San Casciano Val Di Pesa,1,1,1,3.0,2003,1100000,1100000.0,0,1,0
Bahrain,3,3,1,1.3333333333333333,2011,121269,40423.0,0,2,1
Clermont-ferrand,2,2,1,1.0,2003,3940000,1970000.0,0,2,0
Faridabad,1,1,1,3.0,2008,176605,176605.0,0,1,0
Levis,1,1,1,2.0,2009,0,0.0,0,1,0
Cape Cod,12,8,10,1.3333333333333333,1981,156179809,13014984.083333334,1,9,1
Tirana,1,1,1,1.0,2014,0,0.0,0,1,0
Spruce Grove,1,1,1,1.0,1995,240000000,240000000,,,
Split,3,3,1,2.3333333333333335,2005,117398,39132.666666666664,0,3,0
ISR - Other,98,50,31,1.3061224489795917,1912,726786677,7416190.581632653,9,80,8
Ontario - Inland Empire,83,39,26,1.2891566265060241,1905,329807189,3973580.5903614457,3,79,1
VT - Other,35,22,23,1.3428571428571427,1975,240977005,6885057.285714285,2,32,0
Hartford,295,77,64,1.7491525423728813,1950,9054880024,30694508.555932205,19,252,19
Welwyn Garden City,3,1,1,1.3333333333333333,2003,45049931,15016643.666666666,0,2,1
Lincolnshire,1,1,0,1.0,1994,167400000,167400000,0,1,0
Dorval,3,3,1,1.3333333333333333,1999,68910000,22970000,0,2,1
Northumberland,2,2,0,1.0,,6085232,3042616.0,0,2,0
Allentown,31,17,6,1.5483870967741935,1989,162715237,5248878.612903226,2,26,3
Coimbra,4,4,2,1.25,1995,997917,249479.25,0,4,0
Mangalore,1,1,1,1.0,2012,36000,36000.0,0,1,0
Autonoma Atlantico Norte,2,2,0,1.0,2008,3519200,1759600.0,0,2,0
Netanya,49,26,5,1.836734693877551,1993,920219999,18779999.979591835,2,44,3
IRL - Other,28,15,22,1.1428571428571428,1991,276929879,9890352.82142857,1,25,2
Poole,3,2,1,1.3333333333333333,,41402821,13800940.333333334,0,3,0
Perth,27,15,5,1.3333333333333333,1997,328542725,12168249.074074075,0,25,0
THA - Other,5,5,2,1.0,2005,2408989,481797.8,0,5,0
NGA - Other,5,4,4,1.0,1991,147310000,29462000,0,5,0
Kuala Lumpur,39,29,4,1.5128205128205128,1992,1196291816,30674149.128205128,2,33,4
NC - Other,27,17,18,1.3703703703703705,1989,89680368,3321495.111111111,0,27,0
Limoges,2,1,1,1.0,2010,1308720,654360.0,0,2,0
Beaconsfield,3,3,1,1.0,1996,9650331,3216777.0,0,2,1
Bahamas,1,1,1,1.0,2009,1200000,1200000.0,0,1,0
Singapore,299,118,2,1.4983277591973243,1986,1735455737,5804199.789297659,7,268,17
Leonberg,3,2,2,1.0,2011,12000,4000.0,0,3,0
Sutton Saint James,2,2,1,2.0,2012,6268000,3134000.0,0,2,0
Banbury,1,0,1,1.0,2001,452335,452335.0,0,1,0
Reno - Sparks,33,18,3,1.4242424242424243,1979,219296567,6645350.515151516,0,31,1
Baracaldo,1,1,1,1.0,2012,0,0.0,0,1,0
NL - Other,2,2,1,1.0,2010,0,0.0,1,1,0
Lima,23,16,1,1.4583333333333333,2011,5194573,216440.54166666666,0,17,1
Burnley,1,1,1,1.0,2013,1303116,1303116.0,0,1,0
Flint,8,6,5,1.125,2005,6689838,836229.75,0,8,0
Shanghai,263,68,3,1.8212927756653992,1990,7172678663,27272542.44486692,5,245,9
MUS - Other,1,1,1,2.0,2011,200000,200000.0,0,1,0
Guatemala City,3,2,1,1.6666666666666667,2009,711034,237011.33333333334,0,2,0
Dki Jakarta,1,1,1,1.0,2011,100000,100000.0,0,0,1
Linlithgow,2,2,1,1.0,2000,4260502,2130251.0,0,2,0
HRV - Other,1,1,1,1.0,,1500000,1500000.0,0,1,0
Izmir,2,2,1,1.0,2010,110000,55000.0,0,2,0
Chattanooga,44,22,3,1.8863636363636365,1998,62704400,1425100.0,1,41,2
Kyoto,3,3,1,2.0,2007,1685122,561707.3333333334,0,3,0
Medford,7,7,3,1.5714285714285714,1934,168201126,24028732.285714287,1,6,0
MAF - Other,1,1,1,2.0,2001,29220000,29220000,1,0,0
Lappeenranta,2,2,1,1.0,2006,6669920,3334960.0,0,2,0
Wuxi,1,1,1,1.0,2006,70000000,70000000,0,1,0
Gdansk,4,4,1,1.0,2008,705406,176351.5,0,3,0
Oklahoma City,40,19,5,1.375,1983,290306596,7257664.9,1,39,0
Nantes,12,7,1,1.3333333333333333,1998,23897105,1991425.4166666667,0,12,0
Trowbridge,1,1,1,2.0,2005,55583454,55583454,0,1,0
Oxfordshire,5,4,0,1.6,1997,113749835,22749967,0,5,0
Essex,3,3,0,1.3333333333333333,,116355104,38785034.666666664,0,3,0
Kharkov,1,1,1,1.0,2012,150000,150000.0,0,1,0
Salmiya,2,2,1,1.0,,14050000,7025000.0,0,2,0
Perm,7,4,3,1.0,2010,1640000,234285.7142857143,0,2,1
Huntsville,31,14,6,1.4193548387096775,1921,284022260,9162008.387096774,0,31,0
Athens,23,20,1,1.391304347826087,2006,16487827,716862.0434782609,1,21,1
PRT - Other,21,13,12,1.0476190476190477,2000,41093166,1956817.4285714286,0,21,0
Greenville - Spartanburg,51,22,9,1.7058823529411764,1988,312734256,6132044.235294118,1,46,3
Fort Myers,15,12,6,1.4666666666666666,2002,373641389,24909425.933333334,0,14,1
Abbotsford,1,1,1,8.0,2010,9911648,9911648.0,0,1,0
Kristiansand,2,2,1,1.5,1999,32625523,16312761.5,0,1,1
Murcia,3,3,1,1.0,2011,4400000,1466666.6666666667,0,3,0
Malta,2,1,1,1.0,2009,1884420,942210.0,0,2,0
Turin,20,10,2,1.2,2004,6084485,304224.25,0,18,2
Durham,3,3,1,1.0,2009,3025927,1008642.3333333334,0,2,1
Valencia,47,34,1,1.2127659574468086,2005,12084441,257115.7659574468,0,44,1
ME - Other,23,12,14,1.5217391304347827,1933,282258582,12272112.260869564,3,19,0
Kingston,1,1,1,1.0,2009,32000,32000.0,0,1,0
Bormujos,1,1,1,3.0,2006,1215385,1215385.0,0,1,0
Cardiff,14,12,1,1.7857142857142858,2000,42276984,3019784.5714285714,0,14,0
Catania,4,4,1,1.5,2010,7356760,1839190.0,0,4,0
Ulm,3,3,1,1.0,2012,0,0.0,0,3,0
Bayern,1,1,0,1.0,,137322,137322.0,0,1,0
KS - Other,23,16,11,1.608695652173913,1961,1135661570,49376590,0,22,1
"Rochester, New York",48,20,6,1.4791666666666667,1979,2768380791,57674599.8125,2,43,1
Haryana,8,7,1,1.0,1993,36800000,4600000.0,0,8,0
Timisoara,3,3,1,1.3333333333333333,2008,410457,136819.0,0,3,0
Oberhaching,1,1,1,5.0,2001,40673570,40673570,0,1,0
Boise,30,16,1,2.2,1978,256558540,8551951.333333334,1,28,0
Wroclaw,10,9,1,1.5,2006,58705352,5870535.2,0,10,0
Vienna,71,40,2,1.647887323943662,1994,271536013,3824450.8873239434,4,60,6
MLT - Other,1,1,0,1.0,2001,11373300,11373300,0,1,0
Trondheim,10,7,1,1.4,1989,28648296,2864829.6,0,10,0
Loughborough,5,4,1,2.0,2001,173254899,34650979.8,0,5,0
Monterey,3,3,3,1.6666666666666667,2005,16162487,5387495.666666667,0,3,0
"Portland, Oregon",264,90,11,1.9356060606060606,1969,3313283544,12550316.454545455,29,222,9
Guangdong,5,5,1,1.8,2006,135428150,27085630,0,2,3
New Orleans,37,21,4,1.4594594594594594,2000,80303335,2170360.4054054054,0,35,2
NLD - Other,61,23,33,1.1311475409836065,1980,989153990,16215639.180327868,1,53,2
Norfolk,1,1,0,1.0,2007,15152514,15152514,0,1,0
Sandnes,3,3,1,1.0,2006,8380000,2793333.3333333335,0,3,0
Rotterdam,22,18,3,1.3636363636363635,2000,116177707,5280804.863636363,0,21,1
ESP - Other,32,24,25,1.59375,2000,44644293,1395134.15625,1,30,0
Stoke-on-trent,3,2,1,1.3333333333333333,2004,1888086,629362.0,0,3,0
Parma,1,1,1,1.0,,542944,542944.0,0,1,0
Ho Chi Minh,13,11,1,1.2307692307692308,2004,121420509,9340039.153846154,0,12,1
Dubendorf,5,5,1,2.2,2001,92926869,18585373.8,2,3,0
TUN - Other,1,1,1,2.0,2012,0,0.0,0,1,0
South Bend,18,12,11,1.2222222222222223,1996,79659993,4425555.166666667,0,17,1
Oslo,43,28,2,1.558139534883721,1983,533825790,12414553.255813954,4,37,2
Hamilton,1,1,1,2.0,1999,8589492,8589492.0,0,1,0
Orkney,1,1,0,1.0,2002,12000000,12000000,0,1,0
Tromso,2,2,1,1.0,1994,10400000,5200000.0,0,2,0
Bucharest,12,12,2,1.1666666666666667,2001,13169208,1097434.0,0,11,1
Oviedo,1,1,1,1.0,2008,646950,646950.0,0,1,0
Dallas,460,111,35,1.7565217391304349,1913,11203875864,24356251.87826087,33,397,17
Fresno,18,13,8,1.2222222222222223,1971,14155778,786432.1111111111,0,17,1
Newcastle Under Lyme,1,1,1,2.0,2011,170000,170000.0,0,1,0
South-East,3,3,0,1.0,2004,2270352,756784.0,0,3,0
Brentford,2,1,1,1.0,2008,32063793,16031896.5,0,2,0
BRN - Other,1,1,0,1.0,2013,0,0.0,0,1,0
Lake Tahoe,2,2,2,1.0,1975,86000,43000.0,0,1,1
Tunis,2,2,1,1.0,1999,3970000,1985000.0,0,2,0
Macclesfield,7,6,1,1.0,1997,17799708,2542815.4285714286,0,7,0
"Albany, New York",28,19,11,1.5714285714285714,1992,170825652,6100916.142857143,2,26,0
Eight Mile Plains,2,2,1,1.5,2010,1813760,906880.0,0,2,0
CHE - Other,40,26,33,1.725,1956,483182526,12079563.15,2,32,3
New Westminster,1,1,1,2.0,2002,5639000,5639000.0,1,0,0
Davao,2,2,1,2.5,2009,2041000,1020500.0,0,2,0
Farum,1,0,1,1.0,2013,0,0.0,0,1,0
Cwmbran,1,1,1,1.0,2005,441000,441000.0,0,1,0
Lugano,6,6,1,1.5,2009,7775740,1295956.6666666667,0,6,0
Macon,6,5,4,2.1666666666666665,1996,5982992,997165.3333333334,0,6,0
Camberley,3,2,1,1.0,1993,11833524,3944508.0,0,1,2
Kolkata,11,8,1,1.2727272727272727,2001,84070000,7642727.2727272725,0,10,1
Wembley,1,1,1,4.0,2009,74743,74743.0,0,1,0
Lysaker,3,3,1,1.0,2000,16525000,5508333.333333333,1,2,0
Hagerstown,17,8,5,2.1176470588235294,1997,222282367,13075433.352941176,0,16,1
Osijek,1,1,1,1.0,2012,30000,30000.0,0,1,0
Malmo,56,27,4,1.6071428571428572,1996,310115219,5537771.767857143,3,47,4
Crook Of Devon,2,2,1,1.0,2003,3788128,1894064.0,0,2,0
ISL - Other,2,2,2,2.5,2009,4289256,2144628.0,0,2,0
Fortaleza,7,7,1,1.5714285714285714,2003,1055000,150714.2857142857,0,7,0
Shandong,2,2,1,1.0,2001,18100000,9050000.0,0,2,0
AUT - Other,17,10,14,1.2352941176470589,1981,195800514,11517677.294117646,0,15,2
Surrey,14,10,1,1.3571428571428572,1979,117449853,8389275.214285715,1,13,0
Twickenham,2,2,1,2.5,2003,35560571,17780285.5,0,2,0
Victoria,1,1,1,1.0,2012,1030000,1030000.0,0,1,0
Lymington,1,1,1,1.0,2011,32155,32155.0,0,0,1
Blackrock,1,1,1,4.0,1992,4220000,4220000.0,0,1,0
Dublin,227,88,1,1.502202643171806,1952,1897224750,8357818.281938326,13,200,12
Orlando,97,44,16,1.7216494845360826,1987,1051790396,10843199.958762886,5,82,6
Binton,2,2,1,1.5,2009,1253194,626597.0,0,1,1
Ft. Lauderdale,112,46,13,1.5357142857142858,1961,1427019326,12741243.982142856,5,101,3
Altrincham,4,3,1,1.0,1984,47188241,11797060.25,0,4,0
Florida's Treasure Coast,17,13,4,1.5294117647058822,1906,112855137,6638537.470588235,0,16,1
Kelowna,8,8,1,1.25,2002,7927200,990900.0,0,7,0
Chicago,749,184,75,1.6889185580774366,1902,12635903982,16870365.79706275,70,630,34
BRA - Other,43,17,30,1.1395348837209303,1947,107060739,2489784.6279069767,0,27,1
Gardanne,1,1,1,1.0,2007,0,0.0,0,1,0
Fukuoka,1,1,1,1.0,2013,30097,30097.0,0,1,0
"Charleston, South Carolina",33,20,5,1.7878787878787878,1988,277106520,8397167.272727273,1,31,0
Hangzhou,36,21,1,1.7837837837837838,1993,1680207887,45411023.972972974,1,35,0
Logrono,2,1,1,1.0,2012,51464,25732.0,0,2,0
Illkirch-graffenstaden,1,1,1,1.0,,3237000,3237000.0,0,1,0
Jiangsu,1,1,0,2.0,2010,40000000,40000000,0,1,0
Helena,1,1,1,3.0,2002,19000000,19000000,0,1,0
Peoria,5,5,5,2.4,2003,77062793,15412558.6,0,4,1
"Springfield, Illinois",34,15,6,1.8235294117647058,1906,74003438,2176571.705882353,0,31,2
Skopje,2,2,1,1.0,2007,38484,19242.0,0,1,1
Delta,3,3,1,1.0,2002,667500,222500.0,0,3,0
NB - Other,4,3,3,1.75,2004,159864250,39966062.5,0,4,0
Liverpool,36,22,3,1.2777777777777777,1997,49739676,1381657.6666666667,0,31,4
Manila,23,16,6,1.2173913043478262,1980,14190000,616956.5217391305,0,22,1
Sarasota - Bradenton,25,16,3,1.36,1997,166810400,6672416.0,0,22,3
Hilton Head Island,6,5,3,1.1666666666666667,1988,2734295,455715.8333333333,0,6,0
PHL - Other,5,5,3,1.4,2009,287093787,57418757.4,0,5,0
RI - Other,2,2,2,1.5,2014,1350000,675000.0,0,2,0
Puteaux,4,3,1,1.0,2006,5630000,1407500.0,1,3,0
Raleigh,315,80,19,2.1333333333333333,1924,5096821652,16180386.196825396,21,275,12
Glasgow,28,16,2,1.3928571428571428,1993,183896994,6567749.785714285,1,26,1
Vantaa,4,3,1,1.25,1972,34776724,8694181.0,1,3,0
OK - Other,4,4,2,1.0,2002,17780150,4445037.5,0,4,0
Sacramento,106,49,17,1.5377358490566038,1948,957712543,9035023.990566038,4,94,6
Magdeburg,2,2,1,1.0,2005,19682075,9841037.5,0,2,0
Runcorn,2,2,1,2.0,2000,16485762,8242881.0,0,2,0
Nairobi,20,17,1,1.6,2005,273075274,13653763.7,0,20,0
Rotherham,5,4,1,1.4,1993,21454999,4290999.8,0,4,1
Harrogate,4,3,1,1.5,2000,6443873,1610968.25,0,2,2
Minneapolis,313,67,24,1.856687898089172,1960,3576432318,11389911.84076433,24,272,11
Syracuse,24,19,7,1.25,1998,16527167,688631.9583333334,0,22,1
Halle An Der Saale,2,2,1,1.5,1997,73422000,36711000,0,2,0
Savannah,5,4,2,1.4,2001,1800000,360000.0,0,5,0
North Ayrshire,1,1,0,1.0,,1180238,1180238.0,0,1,0
Strassen,2,0,1,1.0,1995,150000,75000.0,0,2,0
Alcester,1,1,1,2.0,,57469263,57469263,0,1,0
WY - Other,10,7,9,1.1,2005,13566984,1356698.4,0,10,0
Reggio Nell Emilia,1,1,1,1.0,2011,670741,670741.0,0,1,0
Bowling Green,5,5,1,1.0,2004,720000,144000.0,0,4,0
Fort Wayne,12,9,4,1.5,1986,11294093,941174.4166666666,0,12,0
San Salvador,1,1,1,1.0,2010,50000,50000.0,0,1,0
Zamudio,1,1,1,1.0,,119000,119000.0,0,1,0
Middlesbrough,5,4,1,1.2,2011,1786690,357338.0,1,3,1
Kalamazoo,20,4,4,2.2,1995,206234744,10311737.2,1,19,0
Portsmouth,19,16,1,1.9473684210526316,1986,156876339,8256649.421052632,2,14,1
Bakersfield,12,10,5,1.3333333333333333,1999,123885700,10323808.333333334,0,10,2
Aalborg,3,1,1,1.0,2001,350000,116666.66666666667,0,3,0
Holmes Chapel,1,1,1,3.0,2011,3822647,3822647.0,0,1,0
Geneva,32,23,3,1.78125,1995,843998328,26374947.75,2,28,2
MCO - Other,1,1,0,1.0,1992,657000,657000.0,0,1,0
Birkenhead,2,2,1,1.0,1926,460000,230000.0,0,2,0
Halifax,33,22,2,1.5151515151515151,1950,104728369,3173586.9393939395,1,30,2
Sittingbourne,2,2,1,1.0,1991,6473816,3236908.0,0,1,1
Chandigarh,3,3,1,1.0,2007,5035000,1678333.3333333333,0,2,1
"Lafayette, Louisiana",4,3,2,1.0,2000,139050000,34762500,0,4,0
Philadelphia,425,100,59,1.8447058823529412,1924,6394393711,15045632.26117647,34,357,23
Myrtle Beach,9,7,7,1.0,1984,16538400,1837600.0,0,9,0
Austin,618,165,21,1.917741935483871,1948,7997380085,12899000.137096774,67,508,34
Jabalpur,1,1,1,1.0,2007,200000,200000.0,0,1,0
Allerød,2,1,1,1.5,1994,21500000,10750000,0,2,0
Fyshwick,1,1,1,1.0,,1850000,1850000.0,0,1,0
Royston,1,1,1,2.0,2013,1500000,1500000.0,0,1,0
Fargo,9,9,4,1.3333333333333333,2003,60640524,6737836.0,0,9,0
Jena,11,6,1,1.1818181818181819,2004,33438900,3039900.0,1,7,2
GTM - Other,1,1,0,2.0,2013,230000,230000.0,0,1,0
KHM - Other,2,2,1,1.0,2003,30000,15000.0,0,2,0
"Wilmington, Delaware",58,31,5,1.4310344827586208,1984,437091566,7536061.482758621,2,53,2
Derby,3,2,1,1.3333333333333333,2000,25500000,8500000.0,1,2,0
Douglas,1,1,1,1.0,1978,0,0.0,0,1,0
San Sebastián De Los Reyes,5,5,1,1.0,2004,2111614,422322.8,0,5,0
Lansing,15,11,5,1.0666666666666667,1918,39656857,2643790.466666667,0,14,0
Sunderland Bridge,2,2,1,2.5,2010,1139397,569698.5,0,1,1
Dortmund,3,3,1,2.0,2007,29552080,9850693.333333334,0,3,0
Cleveland,181,59,26,1.7734806629834254,1911,1526019850,8431048.895027624,7,167,6
Burleigh Heads,1,1,1,2.0,1973,382106890,382106890,0,1,0
Cornwall,2,2,0,1.0,,29913947,14956973.5,0,2,0
"Athens, Georgia",5,5,4,1.4,2008,1090000,218000.0,0,5,0
NZL - Other,18,14,10,1.1666666666666667,2000,535593721,29755206.722222224,0,15,1
Aurangabad,1,0,1,1.0,2003,0,0.0,0,1,0
Honolulu,43,24,4,1.627906976744186,1998,189965221,4417795.837209302,0,41,1
Omaha,68,33,6,1.411764705882353,1959,646399792,9505879.294117646,2,60,5
"Salem, Oregon",12,10,5,1.5,2007,20417496,1701458.0,0,11,1
Tokyo,227,87,4,1.5614035087719298,1912,2516784780,11038529.736842105,7,208,5
FL - Other,28,22,12,1.4642857142857142,1977,79713326,2846904.5,0,26,0
Bern,1,1,1,1.0,,911000,911000.0,0,1,0
South Grafton,1,1,1,1.0,2004,1800000,1800000.0,0,1,0
Maui,6,5,4,1.0,2002,2251000,375166.6666666667,0,6,0
Charlotte,71,34,1,1.676056338028169,1978,1299819642,18307318.901408453,6,60,2
Fort Collins,21,16,1,1.8571428571428572,1925,118833013,5658714.904761905,2,18,1
Buenos Aires,135,67,4,1.5925925925925926,1999,237682920,1760614.2222222222,2,116,8
ID - Other,21,15,11,1.1904761904761905,1952,71694615,3414029.285714286,0,20,1
AB - Other,7,6,6,1.0,2009,23075000,3296428.5714285714,0,7,0
Cape Town,36,27,3,1.3055555555555556,1982,561437001,15595472.25,2,31,3
Long Island,104,43,51,1.5096153846153846,1910,1098125208,10558896.23076923,8,88,6
Birmingham,72,34,11,1.4583333333333333,1923,305325471,4240631.541666667,3,67,2
Karachi,3,3,1,1.0,2006,3025000,1008333.3333333334,0,2,1
Toulouse,6,5,1,1.0,2002,8271409,1378568.1666666667,1,5,0
Salisbury,7,7,2,1.0,2001,29400000,4200000.0,0,7,0
Newbury,7,6,1,1.5714285714285714,1991,33168978,4738425.428571428,1,5,1
Cross Hands,1,1,1,1.0,,3230000,3230000.0,0,1,0
Monheim,2,1,1,2.0,2006,7018900,3509450.0,0,2,0
Espirito Santo,10,9,0,1.0,1999,11762844,1176284.4,0,9,0
Basel,9,5,1,1.3333333333333333,2003,254100008,28233334.222222224,2,7,0
Weybridge,2,2,1,1.0,,12308243,6154121.5,0,2,0
Ljubljana,9,9,1,1.0,2007,5264303,584922.5555555555,0,8,1
Évry,3,2,1,1.0,2006,663754,221251.33333333334,0,3,0
Bielefeld,2,2,1,1.5,2010,5844827,2922413.5,0,1,1
Franche-Comte,45,19,0,1.4222222222222223,1999,280252815,6227840.333333333,1,40,4
"Manchester, New Hampshire",93,40,25,1.89247311827957,1954,1105417285,11886207.365591398,5,77,3
Biloxi - Gulfport,3,2,3,1.0,1979,217763,72587.66666666667,0,3,0
CAN - Other,11,9,0,1.3636363636363635,2010,46876992,4261544.7272727275,0,10,0
Billings,1,1,1,1.0,2006,96700000,96700000,0,1,0
San Sebastian ,1,1,1,1.0,2006,1878750,1878750.0,0,1,0
Shetland Islands,1,1,0,1.0,2010,126144,126144.0,0,1,0
Santander,1,1,1,1.0,2010,1700000,1700000.0,0,1,0
Christchurch,2,2,1,1.5,2007,3350000,1675000.0,0,2,0
Grand Junction,7,5,4,1.2857142857142858,2007,7018225,1002603.5714285715,0,7,0
Jakarta,44,26,2,1.5227272727272727,1999,315101185,7161390.568181818,0,40,3
Alicante,2,2,1,1.0,2009,2586900,1293450.0,0,2,0
Paterna De Rivera,2,1,1,1.0,2004,0,0.0,0,2,0
Brunn Am Gebirge,2,2,1,1.0,2008,1449360,724680.0,0,2,0
Campinas,2,2,1,1.0,2014,373333,186666.5,0,2,0
Tunbridge Wells,1,1,1,1.0,2002,3738338,3738338.0,0,1,0
Seoul,212,59,1,1.4339622641509433,1999,796410411,3756652.882075472,5,205,2
Casablanca,3,2,1,1.3333333333333333,2010,3200000,1066666.6666666667,0,3,0
Jaipur,5,4,1,1.4,1994,54395000,10879000,0,5,0
GHA - Other,2,1,2,1.0,1998,0,0.0,0,2,0
MB - Other,1,1,1,1.0,2010,0,0.0,0,1,0
Winston-Salem,9,7,1,1.5555555555555556,1960,121016317,13446257.444444444,0,8,1
Panama City,8,6,3,1.0,2002,18267000,2283375.0,0,8,0
Dusseldrof,16,13,1,1.125,1999,30994277,1937142.3125,0,15,1
FIN - Other,8,6,8,1.0,1968,35560770,4445096.25,0,8,0
Ely,1,1,1,1.0,,2446977,2446977.0,0,1,0
Nuremberg,5,4,3,2.2,2001,129596575,25919315,1,3,0
Saint-laurent,1,1,1,1.0,2000,12150000,12150000,0,1,0
Schlieren,5,1,1,1.4,2006,37483215,7496643.0,0,5,0
Turku,11,9,1,1.2727272727272727,2001,51189721,4653611.0,0,9,2
Truro,1,1,1,1.0,,56821,56821.0,0,1,0
Montevideo,12,9,1,1.3333333333333333,1986,12580000,1048333.3333333334,1,10,0
Camberwell South,2,2,1,1.0,1996,25500000,12750000,0,2,0
Santo Domingo,1,1,0,1.0,2013,0,0.0,0,1,0
Madrid,177,96,6,1.5988700564971752,1924,1450964402,8197538.9943502825,12,141,15
Warsaw,41,32,2,1.1951219512195121,2001,73987189,1804565.5853658537,1,35,3
EST - Other,11,11,2,1.4545454545454546,2000,22158458,2014405.2727272727,0,11,0
Brescia,4,4,1,1.25,2011,6720151,1680037.75,0,4,0
GA - Other,8,4,8,1.125,1978,4760724,595090.5,1,7,0
Staines-upon-thames,2,2,1,1.5,1999,21432782,10716391,1,1,0
Sarnen,1,1,1,1.0,2003,0,0.0,0,1,0
Scranton,20,15,9,1.7,1978,68835484,3441774.2,0,19,0
Naples,5,5,1,1.6,2005,13945853,2789170.6,0,5,0
Cincinnati,119,60,8,1.8487394957983194,1953,490223040,4119521.344537815,5,107,7
"Albany, Georgia",2,2,2,1.0,2013,65000,32500.0,0,2,0
Jyväskylä,3,2,1,1.3333333333333333,2004,2094331,698110.3333333334,0,2,1
Kosice,1,1,1,1.0,1996,4500000,4500000.0,0,1,0
Balmain,1,1,1,1.0,2006,98000,98000.0,0,0,1
Manaus,4,4,1,1.5,2011,360000,90000.0,0,4,0
Dresden,22,12,1,1.4545454545454546,1997,306965339,13952969.954545455,1,21,0
West Berkshire,6,3,0,1.8333333333333333,2008,21477469,3579578.1666666665,0,5,0
Tulsa,32,17,8,1.34375,1986,341046605,10657706.40625,2,27,2
MEX - Other,23,17,15,1.4782608695652173,2007,8540414,371322.347826087,1,16,1
Bratislava,11,10,1,1.1818181818181819,2002,2176566,197869.63636363635,0,10,0
Nice,22,19,7,1.2727272727272727,1996,245291150,11149597.727272727,0,20,2
Evansville,1,0,1,1.0,2008,0,0.0,0,1,0
Cadiz,1,1,1,1.0,,446000,446000.0,0,0,1
Warrington,2,2,1,2.5,2006,474116,237058.0,0,2,0
Busan,1,1,1,1.0,2011,18000000,18000000,0,1,0
Minsk,3,3,1,1.0,2009,120000,40000.0,0,2,0
Labège,5,3,1,1.8,2002,47313859,9462771.8,0,4,1
OH - Other,28,20,17,1.25,1983,37440032,1337144.0,1,27,0
Yangon,2,2,1,1.0,2012,700000,350000.0,0,2,0
Islamabad,4,4,2,1.0,2009,148000,37000.0,0,2,2
San Cristobal De La Laguna,1,1,1,1.0,,321650,321650.0,0,1,0
LUX - Other,4,3,2,1.5,2011,45142425,11285606.25,0,2,1
BGR - Other,12,8,2,1.75,2010,1614454,134537.83333333334,1,11,0
Curitiba,7,4,1,1.2857142857142858,2008,1630112,232873.14285714287,1,4,1
Cambridgeshire,3,2,0,1.0,,8351245,2783748.3333333335,1,2,0
Vail,5,5,5,1.2,2005,3462500,692500.0,0,4,1
Igualada,1,1,1,1.0,,650100,650100.0,0,1,0
Yerevan,2,2,1,2.5,2004,26812976,13406488,0,2,0
Jackson,15,13,7,1.5333333333333334,1955,155575000,10371666.666666666,2,12,0
Durban,1,1,1,1.0,2014,0,0.0,0,1,0
Cirencester,1,1,1,1.0,1989,11200000,11200000,0,1,0
Saint-denis-sur-loire,1,1,1,3.0,2006,11200000,11200000,0,1,0
Shenzhen,102,40,1,1.7058823529411764,1993,1678033305,16451306.911764706,1,98,2
Exeter,6,6,1,1.1666666666666667,1992,12428191,2071365.1666666667,0,6,0
Little Rock,59,23,12,1.152542372881356,1912,125983678,2135316.5762711866,0,56,2
"Naples, Florida",18,12,2,1.1111111111111112,2001,92973248,5165180.444444444,0,17,1
Halle-neustadt,1,1,1,1.0,,33127200,33127200,0,1,0
Ernakulam,2,2,1,1.5,2011,248000,124000.0,0,2,0
Palm Beaches,136,50,10,1.8014705882352942,1972,1462515226,10753788.426470589,3,123,6
Belgrade,8,8,1,1.125,2005,5255043,656880.375,0,8,0
Thiruvananthapuram,1,1,1,1.0,2010,6000000,6000000.0,0,1,0
Oldbury,1,1,1,1.0,2007,10000000,10000000,0,1,0
Queensland,1,1,0,1.0,2005,0,0.0,0,1,0
Vevey,1,1,1,1.0,1999,2970000,2970000.0,1,0,0
Jinan,3,3,1,1.0,2001,12200000,4066666.6666666665,0,3,0
Sète,1,1,1,1.0,2011,1362100,1362100.0,0,1,0
Edmonton,30,22,1,1.4666666666666666,1998,110327072,3677569.066666667,1,27,1
The Hague,27,18,5,1.8148148148148149,1993,1951425953,72275035.2962963,6,20,1
Garbsen,1,1,1,1.0,,0,0.0,1,0,0
Cyprus,11,9,2,1.8181818181818181,2001,45165380,4105943.6363636362,0,11,0
Roswell,2,2,2,1.0,2010,10000,5000.0,0,2,0
Lubbock,6,6,1,1.1666666666666667,1990,40150057,6691676.166666667,0,6,0
Herzogenaurach,1,1,1,1.0,,0,0.0,,,
Paisley,1,0,1,1.0,1985,5757955,5757955.0,0,1,0
Toledo,16,13,4,1.4375,1963,38956500,2434781.25,0,14,1
COL - Other,4,4,4,1.0,2009,164745,41186.25,0,4,0
Tallinn,33,25,1,1.6666666666666667,1997,58186646,1763231.696969697,0,27,5
West End,1,1,1,2.0,,19615,19615.0,0,1,0
Kilkenny,2,2,1,2.5,2009,623797,311898.5,0,2,0
Girona,3,2,1,1.0,1967,6495844,2165281.3333333335,0,2,1
Stockholm,155,57,5,1.5096774193548388,1989,1891654948,12204225.470967742,6,136,7
Missoula,9,7,1,1.6666666666666667,1997,35706120,3967346.6666666665,0,9,0
Seminole,7,7,1,1.7142857142857142,2008,5912000,844571.4285714285,0,7,0
Baton Rouge,21,13,4,1.3333333333333333,2001,114034387,5430208.904761905,1,19,1
Roncade,25,18,1,1.32,2005,6329250,253170.0,3,21,1
Nanjing,13,9,1,1.3076923076923077,1995,122352700,9411746.153846154,0,12,1
Ayr,1,1,1,1.0,,454575,454575.0,0,1,0
Corpus Christi,2,2,1,1.0,1992,20150000,10075000,0,1,0
Osaka,5,5,1,1.0,2001,6997740,1399548.0,1,4,0
Riyadh,3,3,1,2.3333333333333335,2010,54243465,18081155,0,3,0
Auckland,22,19,1,1.6363636363636365,1989,248797368,11308971.272727273,0,22,0
CA - Other,107,55,43,1.7102803738317758,1981,839395600,7844818.6915887855,7,87,11
SWE - Other,43,24,26,1.0930232558139534,1961,401472830,9336577.441860465,0,40,3
Groningen,3,3,1,1.0,2010,832344,277448.0,0,3,0
West Sussex,1,1,0,1.0,,541000000,541000000,1,0,0
Trivandrum,2,2,1,1.0,1997,60100000,30050000,1,1,0
Reigate,1,1,1,1.0,2009,300000,300000.0,0,0,1
Dartmouth,3,2,1,5.0,1994,41575113,13858371,0,3,0
Budapest,33,24,1,1.1470588235294117,1999,35010746,1029727.8235294118,1,31,2
Picardie,34,22,1,1.2058823529411764,1996,97007700,2853167.6470588236,2,30,2
Lagos,20,16,3,1.45,2007,116632400,5831620.0,0,18,1
Roanoke,36,19,8,1.7777777777777777,1993,560756974,15576582.611111112,1,32,2
Dundee,4,4,1,1.5,2009,15641291,3910322.75,0,4,0
Palma Del Río,1,1,1,1.0,,750000,750000.0,0,1,0
London,1588,297,56,1.6328715365239295,1922,15194013059,9568018.299118388,100,1379,75
Providence,102,41,17,1.9215686274509804,1964,764217518,7492328.607843137,6,89,7
Ecublens,5,3,1,1.0,2009,43930205,8786041.0,0,4,0
Fredericton,7,7,1,1.2857142857142858,2004,16006683,2286669.0,3,3,0
Hanover,7,7,1,1.7142857142857142,2005,15020912,2145844.5714285714,0,5,2
Wimbledon,3,3,1,1.0,2006,30673008,10224336,0,3,0
Hefei,2,2,1,2.5,1994,6157940,3078970.0,0,2,0
Knutsford,2,1,1,1.0,2008,1809695,904847.5,0,2,0
Stanmore,1,1,1,2.0,2011,780000,780000.0,0,1,0
Zafirovo,4,4,1,1.25,2005,30480000,7620000.0,0,4,0
Miami,192,74,8,1.53125,1954,1615455366,8413830.03125,7,170,9
Thame,1,1,1,1.0,,4531914,4531914.0,0,1,0
Ivry-sur-seine,2,2,1,1.5,1991,8860000,4430000.0,0,2,0
Taunton,1,1,1,1.0,2003,447000,447000.0,0,1,0
Lubeck,1,1,1,1.0,2011,880000,880000.0,0,1,0
Dún Laoghaire,2,2,1,2.0,2003,10669375,5334687.5,0,2,0
Munich,133,72,2,1.6090225563909775,1985,919874818,6916352.015037594,16,104,7
VA - Other,27,19,20,1.2962962962962963,1980,38662430,1431941.851851852,1,25,0
Newport,4,4,1,1.0,1997,9352931,2338232.75,1,2,1
Hørsholm,2,2,1,1.0,2003,12000000,6000000.0,1,1,0
Hainan,2,2,1,1.5,2012,8000000,4000000.0,0,2,0
Quebec City,32,21,1,1.5625,1993,502805177,15712661.78125,1,26,2
Sydney,131,63,19,1.618320610687023,1951,1316444845,10049197.290076336,7,111,6
Tarragona,1,1,1,1.0,2010,1427030,1427030.0,0,1,0
Tasmania,3,2,1,1.0,2003,12700000,4233333.333333333,0,3,0
Newton-le-willows,2,2,1,1.0,,57213284,28606642,0,2,0
San Antonio,80,36,6,1.75,1976,627263105,7840788.8125,9,65,5
Hyderabad,51,29,1,1.196078431372549,1985,905867939,17762116.45098039,1,48,2
Hobart Town,2,1,1,2.0,2008,26300000,13150000,0,1,1
Yucatan,3,2,1,1.0,2010,260000,86666.66666666667,0,3,0
SC - Other,14,11,9,1.3571428571428572,1980,870644970,62188926.428571425,1,13,0
Aarhus,7,6,1,1.2857142857142858,1997,17826167,2546595.285714286,0,7,0
Bundangdong,6,4,1,1.1666666666666667,2009,6452697,1075449.5,0,6,0
IL - Other,21,13,17,1.0476190476190477,1957,64259601,3059981.0,0,19,0
Carthage,6,5,1,1.5,2010,22325000,3720833.3333333335,0,6,0
Kolding,1,1,1,1.0,,0,0.0,0,1,0
Aberdeenshire,1,1,0,1.0,2007,4545754,4545754.0,0,1,0
USA - Other,26,16,0,1.1538461538461537,1997,57508966,2211883.3076923075,0,24,0
NS - Other,3,0,3,1.3333333333333333,2014,93808,31269.333333333332,0,3,0
Preston,4,4,1,1.5,2005,65090567,16272641.75,0,3,1
Huddersfield,5,3,1,1.0,1992,10291391,2058278.2,0,5,0
Frederiksberg,4,3,1,1.5,1983,24052580,6013145.0,0,4,0
Hawaii - Big Island,2,2,2,1.5,2013,170000,85000.0,0,2,0
LBN - Other,2,1,0,1.0,2008,150000,75000.0,0,2,0
LAO - Other,2,1,1,1.0,2010,0,0.0,0,2,0
Ilford,1,1,1,2.0,2012,0,0.0,0,1,0
Rennes,9,6,1,1.3333333333333333,2002,144523650,16058183.333333334,0,9,0
Lannion,2,2,1,2.5,2003,2530000,1265000.0,0,2,0
ECU - Other,1,1,1,2.0,,40000,40000.0,0,1,0
Chengdu,18,14,1,1.7222222222222223,2001,210852968,11714053.777777778,0,18,0
Martinsried,4,2,1,1.25,2007,8406008,2101502.0,1,3,0
Ivrea,1,1,1,2.0,2007,1287243,1287243.0,1,0,0
SF Bay Area,6796,485,75,2.126249265138154,1929,133932000711,19684303.455467373,1076,5193,418
Wetherby,1,1,1,1.0,2008,2070953,2070953.0,0,1,0
SOM - Other,1,1,1,1.0,2010,2000000,2000000.0,0,0,1
TUR - Other,3,2,2,1.3333333333333333,2010,147250000,49083333.333333336,0,3,0
BEL - Other,32,22,28,1.3125,1993,394297724,12321803.875,1,30,1
"Washington, D.C.",785,162,32,1.8687898089171975,1952,12802929623,16309464.487898089,71,674,35
Warwick,5,3,1,1.6,2000,11691161,2338232.2,0,5,0
Sheffield,29,18,2,1.3103448275862069,1956,113680114,3920003.9310344825,1,24,4
Limerick,7,6,1,1.5714285714285714,2006,37893520,5413360.0,1,6,0
Prague,41,28,4,1.1951219512195121,1988,248590218,6063176.048780488,2,35,1
Cologne,47,37,3,1.4166666666666667,1984,171877018,3580771.2083333335,5,42,1
Newcastle,26,20,1,1.8076923076923077,1973,66688189,2564930.346153846,1,22,3
Norrkoping,1,1,1,1.0,2012,150000,150000.0,0,1,0
Leudelange,2,2,1,1.0,2008,7780000,3890000.0,0,2,0
Champagne-au-mont-d'or,2,1,1,1.0,1995,4610000,2305000.0,0,2,0
Elmira,19,12,5,1.9473684210526316,2000,120556786,6345094.0,1,16,2
Kazan,4,4,1,4.0,2011,666000,166500.0,0,3,0
New York City,2577,355,44,1.846720993403182,1917,63031778805,24459363.137369033,245,2133,150
Cochin,5,4,1,1.6,1991,26860000,5372000.0,0,5,0
Amersham,2,2,1,1.5,1997,301104,150552.0,0,1,1
Cannock,1,1,1,1.0,,397307,397307.0,0,1,0
Newark,492,98,128,1.6321138211382114,1969,7364477971,14968451.160569105,43,413,19
Dunfermline,2,2,1,1.5,1976,26580000,13290000,1,0,1
Aquitaine,1,0,0,1.0,2007,3216500,3216500.0,0,1,0
HUN - Other,8,6,6,1.125,2000,3310910,413863.75,1,7,0
Flintshire,1,1,0,2.0,,48619829,48619829,0,1,0
Malvern Wells,1,1,1,1.0,2005,225962,225962.0,0,1,0
MD - Other,17,12,14,1.5294117647058822,1999,13869212,815836.0,0,17,0
Westmount,3,3,1,2.0,2013,181506360,60502120,0,3,0
North Lanarkshire,1,1,0,1.0,2012,1310692,1310692.0,0,1,0
Farnham,1,1,1,1.0,2013,82549,82549.0,0,1,0
Lexington,33,18,3,1.696969696969697,1988,136299697,4130293.8484848486,1,31,1
CMR - Other,2,2,1,1.0,2010,119561,59780.5,0,2,0
Pescara,1,1,1,1.0,2013,780000,780000.0,0,1,0
St. Louis,156,68,10,2.141025641025641,1983,2266283336,14527457.282051282,8,143,5
Ancona,2,2,1,1.5,2010,200000,100000.0,0,2,0
Mexico City,50,35,4,1.32,1930,680357221,13607144.42,1,41,1
Montreuil,4,3,1,1.25,1999,10533549,2633387.25,0,4,0
Poznan,5,4,1,1.4,2005,976560,195312.0,0,5,0
Malaga,7,6,1,1.1428571428571428,2001,10875380,1553625.7142857143,0,6,1
Elche,1,1,1,1.0,2012,0,0.0,0,1,0
LA - Other,8,7,8,1.5,2000,26269500,3283687.5,0,8,0
Novosibirsk,5,3,2,1.0,2010,3862200,772440.0,0,2,1
Asheville,20,11,5,1.25,1986,62722587,3136129.35,0,19,1
Malakoff,2,2,1,1.5,1979,5680000,2840000.0,0,2,0
Gateshead,5,4,1,1.2,1987,19535326,3907065.2,0,4,1
Moncton,4,4,1,2.0,2005,13057067,3264266.75,0,4,0
Vadodara,2,2,1,1.0,2012,1620000,810000.0,0,2,0
Moscow,261,78,1,1.5210727969348659,1990,9279846523,35554967.5210728,5,139,16
Bangkok,30,21,3,1.2333333333333334,1980,66287646,2209588.2,1,28,1
Phoenix,273,92,14,1.5274725274725274,1966,2421489514,8869924.95970696,13,242,9
Kiev,34,22,2,1.1176470588235294,2002,24946000,733705.8823529412,0,30,0
Heilbronn,3,3,1,1.0,2006,7696120,2565373.3333333335,0,3,0
Flagstaff,3,2,2,1.0,2010,0,0.0,0,3,0
Winnipeg,9,5,1,1.0,1972,25863136,2873681.777777778,1,7,1
Ballerup,4,3,1,1.25,1989,20314538,5078634.5,0,3,0
Terni,1,0,1,1.0,2013,752472,752472.0,0,1,0
Kent,7,6,1,1.1428571428571428,1999,346483628,49497661.14285714,0,6,1
Zhengzhou,3,3,1,1.0,2012,17213733,5737911.0,0,3,0
Vancouver,253,88,4,1.7233201581027668,1984,1529829238,6046755.881422925,16,213,14
Jacksonville,57,31,9,1.280701754385965,1973,921805508,16172026.45614035,3,48,3
Stuttgart,19,13,2,1.5789473684210527,1961,409441186,21549536.10526316,1,18,0
Manchester,44,28,2,1.4090909090909092,1998,185701457,4220487.659090909,1,41,2
Ioánnina,1,1,1,1.0,2013,20000,20000.0,0,1,0
Charlottetown,4,2,1,1.25,2007,8040690,2010172.5,0,3,0
Nashville,241,65,11,2.024896265560166,1924,1548148362,6423852.124481328,9,216,11
Zagreb,3,3,1,1.3333333333333333,2007,2815993,938664.3333333334,0,3,0
SVK - Other,3,2,1,1.3333333333333333,2011,3891935,1297311.6666666667,0,3,0
Porto,22,16,5,1.1363636363636365,1997,54125000,2460227.272727273,1,20,1
Yverdon-les-bains,1,1,1,1.0,2008,9500000,9500000.0,0,1,0
Florence,7,5,1,1.4285714285714286,2011,993871,141981.57142857142,0,7,0
Maple Ridge,1,1,1,1.0,2010,0,0.0,0,1,0
Zanzibar Urban,1,1,0,1.0,2004,3000000,3000000.0,0,1,0
Accra,9,8,1,1.2222222222222223,2001,1774615,197179.44444444444,0,9,0
Baja California Sur,1,1,0,1.0,2013,5000,5000.0,0,1,0
Kauai,1,1,1,1.0,2012,0,0.0,0,1,0
Bergamo,2,1,1,2.0,2009,14970320,7485160.0,0,1,1
Herefordshire,4,3,0,1.25,2000,23629787,5907446.75,0,4,0
Kunshan,2,1,1,1.0,2012,14846285,7423142.5,0,2,0
Beijing,482,86,1,1.8526970954356847,1988,13275776921,27543105.645228215,9,462,11
Oxton,8,5,1,2.75,2004,344171253,43021406.625,1,7,0
CHL - Other,4,3,4,1.0,2011,145000,36250.0,1,3,0
Swindon,6,5,1,2.8333333333333335,2004,126073243,21012207.166666668,1,4,1
Vijayawada,1,1,1,1.0,2012,0,0.0,0,1,0
Lachine,1,1,1,1.0,,1000000,1000000.0,0,1,0
Rugby,1,1,1,2.0,,2147000,2147000.0,0,1,0
PAK - Other,2,2,1,1.0,2003,3675000,1837500.0,0,2,0
Katowice,2,2,1,2.0,2004,16929067,8464533.5,0,2,0
Ahmedabad,14,10,2,1.2857142857142858,2000,14410848,1029346.2857142857,0,11,2
Palm Springs,10,10,5,1.2,1994,5795150,579515.0,0,9,0
Napoli,5,4,1,1.0,2010,2890448,578089.6,0,5,0
Surbiton,2,2,1,1.0,2006,147566,73783.0,0,2,0
Zhuhai,4,4,1,1.25,1995,304215460,76053865,0,4,0
Alcorcon,1,1,1,1.0,2007,1286600,1286600.0,0,1,0
Kanata,6,5,1,1.3333333333333333,1989,51890196,8648366.0,1,4,0
Sofia,52,33,2,1.7692307692307692,1996,17258241,331889.25,2,50,0
Detroit,228,69,34,1.6666666666666667,1963,1347343333,5909400.583333333,8,209,6
MA - Other,39,22,22,1.794871794871795,1989,370718980,9505614.871794872,1,34,4
Rio de Janeiro,58,41,3,1.603448275862069,1997,208034539,3586802.396551724,0,54,2
Pensacola,14,11,6,1.3571428571428572,1980,64571559,4612254.214285715,1,13,0
Verona,4,4,1,1.0,2000,1564400,391100.0,0,4,0
Youngstown,9,9,5,1.3333333333333333,1980,50309750,5589972.222222222,1,7,0
Palma De Mallorca,5,5,1,1.6,2009,4496196,899239.2,0,5,0
Erlangen,6,5,1,1.3333333333333333,1997,2720970,453495.0,0,5,1
Noáin,3,3,1,1.3333333333333333,2011,1075262,358420.6666666667,0,3,0
Corby,1,1,1,2.0,2006,150000,150000.0,0,1,0
POL - Other,10,10,6,1.1,1998,1881253,188125.3,0,10,0
Alton Barnes,1,1,1,2.0,2012,909150,909150.0,0,1,0
Bremen,2,2,1,1.0,2008,816000,408000.0,1,1,0
Madison,94,31,2,1.851063829787234,1912,695010789,7393731.79787234,9,79,6
Bochum,3,3,1,1.0,2005,798000,266000.0,0,3,0
ND - Other,4,3,4,1.25,1963,7095000,1773750.0,0,4,0
Leicester,4,4,1,1.0,2008,266090,66522.5,0,3,1
Guangzhou,38,22,1,1.5,1993,538516693,14171491.921052631,2,33,3
Tampere,10,9,1,1.1,2001,27060486,2706048.6,0,9,0
AUS - Other,30,21,18,1.1666666666666667,1994,96946793,3231559.7666666666,2,28,0
Jerusalem,5,4,2,1.6,2003,30700000,6140000.0,1,2,2
Eindhoven,15,10,1,1.8,1943,87825725,5855048.333333333,1,12,1
Chiasso,2,2,1,1.5,2006,1550000,775000.0,0,2,0
Marseille,10,7,1,1.6,2000,168828340,16882834,0,8,2
AL - Other,16,11,11,1.0625,1906,1114637000,69664812.5,0,15,1
Zaragoza,4,3,1,2.0,2001,1789717,447429.25,1,3,0
AR - Other,20,16,14,1.15,1988,2917444,145872.2,0,20,0
Jonkoping,2,2,1,1.0,2013,113000,56500.0,0,2,0
DEU - Other,93,33,69,1.3333333333333333,1910,903484287,9714884.806451613,8,76,5
Bangalore,232,83,3,1.4956896551724137,1978,4418135748,19043688.568965517,4,215,10
Heathrow,1,1,1,1.0,2007,11625112,11625112,0,1,0
Yokohama,1,1,1,3.0,2007,1262354,1262354.0,0,1,0
GBR - Other,264,89,151,1.2916666666666667,1919,1856406657,7031843.3977272725,8,238,12
SVN - Other,2,2,2,1.5,2011,250000,125000.0,0,2,0
Xiamen,8,7,1,1.5,2008,102554368,12819296,0,8,0
Belgaum,1,1,1,2.0,2006,1330000,1330000.0,0,1,0
Salt Lake City,348,93,28,1.7528735632183907,1954,4746535887,13639470.939655172,30,293,17
Rockford,6,5,3,1.0,1976,78510000,13085000,1,3,2
Vilnius,28,24,1,1.3571428571428572,1995,90913599,3246914.25,2,26,0
Sundsvall,3,2,1,1.0,2001,1112000,370666.6666666667,0,3,0
Seychelles,1,1,1,1.0,2011,35000,35000.0,0,0,1
CYM - Other,2,2,0,1.5,2005,22250000,11125000,0,2,0
Valby,1,1,1,1.0,,2856920,2856920.0,0,1,0
Kuopio,1,1,1,3.0,2014,819010,819010.0,0,1,0
Atlantic City,16,13,8,1.5625,1949,74024100,4626506.25,1,15,0
Bogota,28,18,1,1.5714285714285714,1990,49002426,1750086.642857143,1,25,0
Canberra,4,3,1,1.5,2000,4137084,1034271.0,0,4,0
Montgomery,8,7,4,1.5,1988,11531116,1441389.5,0,8,0
Des Moines,36,22,10,1.8611111111111112,1968,1040883156,28913421,3,30,1
Haifa,17,11,2,1.1176470588235294,1980,58270000,3427647.0588235296,1,15,1
Skien,1,1,1,2.0,1999,9409460,9409460.0,0,1,0
Kathmandu,2,1,1,1.0,2008,300000,150000.0,0,2,0
Berlin,362,133,3,1.5041322314049588,1985,3065804920,8445743.581267217,24,316,13
Trenton,2,2,1,1.0,2006,280000,140000.0,0,2,0
Northampton,3,3,2,1.6666666666666667,1995,14766577,4922192.333333333,0,3,0
Maroúli,1,1,1,1.0,,1280000,1280000.0,1,0,0
Ankara,4,4,1,1.0,2007,50000,12500.0,0,4,0
Strasbourg,2,2,1,2.0,2000,11384091,5692045.5,0,2,0
Wilmslow,3,3,1,1.0,2003,333355,111118.33333333333,0,3,0
Tel Aviv,512,141,27,1.6744639376218324,1903,4556122958,8881331.30214425,47,430,33
Suffolk,2,2,0,2.5,2004,4145000,2072500.0,0,2,0
MS - Other,5,4,4,1.6,2005,5945236,1189047.2,0,4,1
Ellesmere Port,1,1,1,1.0,1982,1515251,1515251.0,0,1,0
Red Deer,2,2,1,1.0,2012,1100000,550000.0,0,2,0
Muscat,1,1,1,1.0,2013,10000,10000.0,0,1,0
Navarra,3,3,0,1.3333333333333333,2005,8063500,2687833.3333333335,0,2,1
SLV - Other,2,2,2,1.5,2007,390000,195000.0,0,2,0
Surabaya,1,0,1,1.0,,1000,1000.0,0,1,0
MN - Other,25,14,16,1.88,1997,233751068,9350042.72,0,24,0
Roubaix,2,2,1,1.5,1986,20800000,10400000,0,2,0
ITA - Other,44,33,37,1.2045454545454546,1986,103867115,2360616.25,1,40,2
CYP - Other,1,1,1,2.0,2009,134101,134101.0,0,1,0
Herlev,3,3,1,1.3333333333333333,1999,4300000,1433333.3333333333,0,3,0
Snodland,4,3,1,2.0,2001,16469617,4117404.25,0,3,1
Bradford,2,2,1,1.0,,14906222,7453111.0,0,2,0
Derbyshire,2,1,0,1.0,1989,2508623,1254311.5,0,2,0
Bridgend,1,1,1,1.0,,5864512,5864512.0,0,1,0
Incheon,1,0,1,1.0,2012,9212,9212.0,0,1,0
Andhra Pradesh,1,1,0,1.0,2014,500000,500000.0,,,
IN - Other,41,25,13,1.3414634146341464,1976,63206750,1541628.0487804879,0,38,3
Borehamwood,1,0,1,1.0,2007,0,0.0,0,1,0
NV - Other,6,6,3,1.0,2005,8660000,1443333.3333333333,0,5,1
Midlothian,1,1,0,2.0,,3027477,3027477.0,0,1,0
Pessac,1,1,1,1.0,,1348200,1348200.0,0,1,0
Swansea,3,3,1,2.0,1998,925323,308441.0,0,3,0
LIE - Other,1,1,1,1.0,,7500000,7500000.0,0,1,0
ARG - Other,7,5,4,1.5714285714285714,2001,2134663,304951.85714285716,0,6,0
ROM - Other,1,1,1,2.0,2013,3766,3766.0,0,1,0
Traverse City,4,2,4,1.75,1993,25635036,6408759.0,0,4,0
Krakow,17,14,2,1.3529411764705883,2009,19708000,1159294.1176470588,0,16,0
Cairo,15,9,2,1.2,1993,252274796,16818319.733333334,0,15,0
Mannheim,1,1,1,2.0,2002,12921240,12921240,0,1,0
Bangor,2,1,2,5.0,2005,32496239,16248119.5,0,2,0
Bhubaneswar,3,3,1,1.3333333333333333,2009,18230000,6076666.666666667,0,3,0
Montpelier,13,10,1,2.230769230769231,1998,43419178,3339936.769230769,2,10,1
Freiburg,3,3,1,1.6666666666666667,1999,22038270,7346090.0,0,2,1
St. John's,14,12,2,1.5,1999,92364557,6597468.357142857,0,12,1
Chester,4,4,1,1.25,2011,7099938,1774984.5,0,4,0
Hampshire,3,3,0,3.0,1986,20662526,6887508.666666667,1,1,1
Lancaster,3,3,1,2.0,2009,1391185,463728.3333333333,0,3,0
UGA - Other,1,1,1,1.0,2013,0,0.0,0,1,0
Sao Paulo,133,64,1,1.631578947368421,1982,1604562504,12064379.729323309,4,111,8
Pisa,3,3,1,3.0,2009,6081795,2027265.0,0,3,0
Chiang Mai,2,2,1,2.0,2009,740000,370000.0,0,2,0
Salerno,1,1,1,1.0,2012,0,0.0,0,1,0
Gothenburg,32,19,2,1.4375,1999,143548848,4485901.5,2,27,3
Cheadle Hulme,1,1,1,2.0,2011,903234,903234.0,0,1,0
Castelfranco Veneto,1,1,1,1.0,2013,52122,52122.0,0,1,0
Topeka,2,2,1,1.0,1994,13500000,6750000.0,0,2,0
Enfield Lock,1,1,1,2.0,1999,12660000,12660000,0,1,0
Shreveport,6,5,2,1.1666666666666667,1984,21300000,3550000.0,0,6,0
Sligo,2,2,1,1.0,2004,2844000,1422000.0,0,2,0
Steinhausen,1,1,1,1.0,2011,0,0.0,0,1,0
Leicestershire,1,1,0,1.0,,0,0.0,1,0,0
Bermuda,4,4,1,1.25,1999,751666000,187916500,1,3,0
Worcester,62,28,16,2.1774193548387095,1985,1617556568,26089622.06451613,2,57,1
Bromborough,1,1,1,1.0,2011,881025,881025.0,0,1,0
Hong Kong,126,59,9,1.4047619047619047,1995,1657666497,13156083.30952381,0,114,9
Paignton,1,1,1,1.0,,336055,336055.0,0,1,0
Linkoping,13,10,1,1.5384615384615385,2001,61032011,4694770.076923077,1,12,0
Burnaby,29,16,1,2.4482758620689653,1963,448062694,15450437.72413793,2,25,2
Salford,2,2,1,1.5,2006,4367190,2183595.0,0,1,0
Istanbul,82,48,1,1.4024390243902438,1989,244499118,2981696.56097561,1,79,1
Sacramento Valley,12,11,5,1.0,1998,59937526,4994793.833333333,2,10,0
Baar,2,2,1,1.0,2008,2254193,1127096.5,0,2,0
Coventry,14,11,1,1.4285714285714286,1998,50879342,3634238.714285714,0,14,0
Clapiers,2,2,1,1.0,1984,6451125,3225562.5,0,2,0
Stirling,1,1,1,3.0,2003,7720000,7720000.0,0,1,0
Etobicoke,3,3,1,1.0,2004,104000,34666.666666666664,1,2,0
DE - Other,4,3,1,1.25,2010,932000,233000.0,0,4,0
FRA - Other,111,36,93,1.2702702702702702,1957,528518288,4761426.018018018,2,100,6
Mulgrave,1,1,1,1.0,2006,80000000,80000000,0,1,0
Florida's Space Coast,28,19,9,1.7857142857142858,1974,625354988,22334106.714285713,1,26,1
Buckinghamshire,1,1,0,1.0,2006,3896936,3896936.0,0,0,1
Lviv,1,1,1,1.0,2012,70000,70000.0,0,1,0
Monterrey,4,4,1,1.0,2007,2390000,597500.0,0,3,1
Garching Bei Munchen,1,0,1,1.0,,4350240,4350240.0,0,1,0
Goa,2,2,1,2.0,2011,2060000,1030000.0,0,1,0
Mohali,2,2,1,1.0,2007,12260000,6130000.0,0,2,0
Santiago,280,72,6,1.1642857142857144,2006,46722880,166867.42857142858,3,267,4
Brussels,104,49,21,1.5192307692307692,1928,825809471,7940475.682692308,7,88,6
Lahore,9,7,1,1.4444444444444444,1985,2738000,304222.22222222225,0,9,0
Watford,2,2,1,2.0,2001,65560000,32780000,0,2,0
Harare,1,1,1,1.0,,10000000,10000000,0,1,0
Delhi,12,10,1,1.25,2006,69460000,5788333.333333333,0,12,0
Cumbria,2,2,0,1.0,2009,31700308,15850154,1,1,0
Los Angeles,1388,262,68,1.7645788336933046,1919,17913543810,12896719.80561555,131,1140,97
San Luis Obispo,10,5,1,1.9,1999,174922689,17492268.9,1,9,0
Region Metropolitana,1,1,0,3.0,2012,165000,165000.0,0,1,0
Alfreton,1,1,1,1.0,,31885858,31885858,0,1,0
MT - Other,6,4,4,2.5,1998,47552079,7925346.5,0,5,0
Grenoble,9,6,1,1.7777777777777777,1989,136857803,15206422.555555556,1,8,0
Montreal,166,61,7,1.5783132530120483,1959,2099009254,12644634.060240963,19,136,9
Saskatoon,4,3,1,1.5,2008,21708414,5427103.5,0,3,1
Chennai,55,31,1,1.290909090909091,1969,795456450,14462844.545454545,2,48,3
Simferopol,1,1,1,1.0,2010,300000,300000.0,0,1,0
Indore,3,3,1,1.0,2002,50350000,16783333.333333332,0,3,0
Muenchen,1,1,1,1.0,1999,0,0.0,0,1,0
Gdynia,3,2,1,1.0,2008,2480775,826925.0,0,3,0
Tamil Nadu,1,1,0,1.0,,0,0.0,0,1,0
Kaunas,1,1,1,1.0,,20395,20395.0,0,1,0
Anaheim,384,96,17,2.0260416666666665,1959,7253650455,18889714.7265625,43,307,21
Danderyd,1,1,1,4.0,2001,71779200,71779200,0,1,0
"Cordoba, ARG",4,4,1,1.5,2001,838083,209520.75,0,4,0
Cheltenham,6,5,1,1.0,2000,5128021,854670.1666666666,0,5,1
DOM - Other,2,2,1,2.0,2010,1208264,604132.0,0,2,0
Napa Valley,69,36,13,2.101449275362319,1994,1405512520,20369746.666666668,2,63,3
"Scottish Borders, The",1,1,0,1.0,,6061005,6061005.0,0,1,0
Grand Rapids,26,14,7,1.3846153846153846,1934,83745702,3220988.5384615385,0,24,2
Anchorage,8,4,1,1.75,1986,6000417,750052.125,0,7,1
Seongnam,4,4,1,1.75,2005,97026875,24256718.75,0,4,0
Indianapolis,160,52,14,1.7875,1930,1215161173,7594757.33125,6,144,5
"Augusta, Maine",1,1,1,1.0,,4000000,4000000.0,0,1,0
NM - Other,4,3,3,1.0,2010,490000,122500.0,0,4,0
Gainesville,35,19,6,1.9142857142857144,1990,240826518,6880757.657142857,1,34,0
Hanoi,7,7,1,1.1428571428571428,2006,3500000,500000.0,0,7,0
Cedar Rapids,31,21,9,1.3548387096774193,1991,198624304,6407235.612903226,1,28,2
Kolbermoor,1,1,1,1.0,2010,0,0.0,0,1,0
Chemnitz,2,2,1,1.5,2011,620000,310000.0,0,1,0
Marbella,1,1,1,1.0,2011,148600,148600.0,0,0,1
Madurai,1,1,1,1.0,2012,0,0.0,0,1,0
Leamington Spa,3,2,1,1.0,1994,461993,153997.66666666666,0,2,1
Odense,4,3,1,1.0,2005,2410000,602500.0,1,3,0
KOR - Other,15,11,4,1.4,1972,17931708,1195447.2,0,15,0
Frankfurt,74,40,17,1.4594594594594594,1995,564815388,7632640.378378378,3,63,4
